22
38
1 15 5 1000
1 17 7 1000
1 22 2 1000
2 15 10 1000
2 17 6 1000
2 22 16 1000
3 12 11 1000 
3 15 6 1000
3 17 6 1000
3 20 6 1000
3 22 3 1000
5 22 7 1000
6 15 6 1000
6 17 5 1000
6 22 12 1000
7 15 4 1000
7 22 10 1000
9 22 10 1000
9 11 0 1000
9 12 13 1000
9 13 5 1000
9 15 5 1000
9 16 10 1000
9 17 7 1000
9 20 7 1000
10 22 11 1000
10 12 4 1000
10 15 7 1000
10 17 5 1000
21 11 1 1000
21 12 15 1000
21 13 2 1000
21 15 6 1000
21 16 11 1000
21 17 9 1000
21 19 9 1000
21 20 10 1000
21 22 0 1000
1
1
1
0
1
1
1
0
1
1
-1
-1
-1
0
-1
-1
-1
0
-1
-1
8
-8